,N,12.66,K,A*00
$GPGGA,065435.200,1255.7174,N,07737.2052,E,1,4,5.57,333.2,M,-88.5,M,,*72
$GPGLL,1255.7174,N,07737.2052,E,065435.200,A,A*5D
$GPGSA,A,3,31,26,03,23,,,,,,,,,6.97,5.57,4.19*05
$GPGSV,4,1,14,16,72,071,,22,62,173,,03,60,305,16,26,43,042,25*7A
$GPGSV,4,2,14,23,24,329,18,27,23,144,,01,21,227,,08,15,175,*73
$GPGSV,4,3,14,11,12,210,,32,11,104,,31,08,044,17,07,08,257,*7C
$GPGSV,4,4,14,14,05,104,,193,,,*72
$GPRMC,065435.200,A,1255.7174,N,07737.2052,E,6.78,6.18,210316,,,A*6B
$GPVTG,6.18,T,,M,6.78,N,12.57,K,A*0A
$GPGGA,065435.400,1255.7183,N,07737.2053,E,1,4,5.57,333.8,M,-88.5,M,,*77
$GPGLL,1255.7183,N,07737.2053,E,065435.400,A,A*52
$GPGSA,A,3,31,26,03,23,,,,,,,,,6.97,5.57,4.19*05
$GPGSV,4,1,14,16,72,071,,22,62,173,,03,60,305,16,26,43,042,25*7A
$GPGSV,4,2,14,23,24,329,18,27,23,144,,01,21,227,,08,15,175,*73
$GPGSV,4,3,14,11,12,210,,32,11,104,,31,08,044,17,07,08,257,*7C
$GPGSV,4,4,14,14,05,104,,193,,,*72
$GPRMC,065435.400,A,1255.7183,N,07737.2053,E,6.75,5.67,210316,,,A*62
$GPVTG,5.67,T,,M,6.75,N,12.51,K,A*0A
$GPGGA,065435.600,1255.7192,N,07737.2054,E,1,4,5.57,334.4,M,-88.5,M,,*79
$GPGLL,1255.7192,N,07737.2054,E,065435.600,A,A*57
$GPGSA,A,3,31,26,03,23,,,,,,,,,6.97,5.57,4.20*0F
$GPGSV,4,1,14,16,72,071,,22,62,173,,03,60,305,16,26,43,042,25*7A
$GPGSV,4,2,14,23,24,329,18,27,23,144,,01,21,227,,08,15,175,*73
$GPGSV,4,3,14,11,12,210,,32,11,104,,31,08,044,17,07,08,257,*7C
$GPGSV,4,4,14,14,05,104,,193,,,*72
$GPRMC,065435.600,A,1255.7192,N,07737.2054,E,6.72,4.98,210316,,,A*61
$GPVTG,4.98,T,,M,6.72,N,12.46,K,A*0A
$GPGGA,065435.800,1255.7201,N,07737.2055,E,1,4,5.57,335.0,M,-88.5,M,,*7A
$GPGLL,1255.7201,N,07737.2055,E,065435.800,A,A*51
$GPGSA,A,3,31,26,03,23,,,,,,,,,6.98,5.57,4.20*00
$GPGSV,4,1,14,16,72,071,,22,62,173,,03,60,305,16,26,43,042,25*7A
$GPGSV,4,2,14,23,24,329,18,27,23,144,,01,21,227,,08,15,175,*73
$GPGSV,4,3,14,11,12,210,,32,11,104,,31,08,044,17,07,08,257,*7C
$GPGSV,4,4,14,14,05,104,,193,,,*72
$GPRMC,065435.800,A,1255.7201,N,07737.2055,E,6.72,4.71,210316,,,A*60
$GPVTG,4.71,T,,M,6.72,N,12.45,K,A*0E
$GPGGA,065436.000,1255.7210,N,07737.2056,E,1,4,5.57,335.6,M,-88.5,M,,*74
$GPGLL,1255.7210,N,07737.2056,E,065436.000,A,A*59
$GPGSA,A,3,31,26,03,23,,,,,,,,,6.97,5.57,4.19*05
$GPGSV,4,1,14,16,72,071,,22,62,173,,03,60,304,16,26,43,042,25*7B
$GPGSV,4,2,14,23,24,329,18,27,23,144,,01,21,227,,08,15,175,*73
$GPGSV,4,3,14,11,12,210,,32,11,104,,31,08,044,17,07,08,257,*7C
$GPGSV,4,4,14,14,05,104,,193,,,*72
$GPRMC,065436.000,A,1255.7210,N,07737.2056,E,6.74,4.15,210316,,,A*6C
$GPVTG,4.15,T,,M,6.74,N,12.48,K,A*07
$GPGGA,065436.200,1255.7219,N,07